41.73641464498224
42.689754121970495
42.903930918822482
46.53004403176552
46.629797861229832
47.436821483867604
47.631553462040543
47.974642312836338
48.349198693823823
48.444044376710259
48.907346741294347
49.056282837542618
49.346407080648213
49.46558388711609
49.573056760821977
49.738636675222601
49.795891767161834
49.842003484078944
49.885148563095278
49.906120016955356
49.933116719187623
49.977868121521723
49.990326929104988
49.99432165797262
50.006947530579033
50.02435603703772
50.04169860390644
50.059551906988595
50.091403081959392
50.106007307862804
50.253510291821186
50.259233303290927
50.313054241420303
50.334884558099084
50.502255686796978
50.620761290553773
52.233359710921306
52.725042084672118
52.756399278772378
53.019034153819049
53.327803737220023
53.532485295410872
53.751698652028956
54.109441298407646
54.328918312525161
54.356819008772923
54.522425995334238
54.629092988019181
68.817075485120625
70.505990466847976
