234.24991038318933
386.52993310566865
386.70710739839103
386.77052484843978
386.96629220684406
387.13459227792822
387.21085227975414
387.6044970247782
387.65457507693372
387.71834788904346
387.81571836987865
387.86588096867587
387.89912997264145
387.92382709299835
387.94683097514991
388.01006048515166
388.05228333698813
388.06123004983363
388.15568595068765
388.18455128394055
388.187315999416
388.2536240177273
388.29897926208224
388.31695405085247
388.47399945035892
388.52820390534339
388.52905766865797
388.55993416106804
388.59335013412567
388.63238058483614
388.65715676855422
388.67525526436498
388.69690555226509
388.70880183820213
388.73727330071159
388.79797775214985
388.80647318176034
388.85415176673217
388.8683889606375
388.88981329684981
388.89805401982079
388.92244838169313
388.96146202468486
388.99307790952622
389.01103067975231
389.05020445933064
389.083605895012
389.12474883728595
389.19400312068962
389.24714237916987
389.28620123919751
389.32194131642404
389.37663236118897
389.3781344388442
389.44447423413988
389.46786057337715
389.49305269136062
389.53941387214689
389.54744220783783
389.55488582351319
389.68002108171788
389.7248021253472
389.80728710572504
389.85897841418057
389.86383712083597
389.91136604817098
389.92832577961406
389.97523303963976
390.02767511204706
390.08955093637172
390.23666361599533
390.26493828209641
390.2809594740811
390.38265145710017
390.39701394383428
390.48896413927031
390.52899955418906
390.54910382105493
390.60918751406473
390.61741315888867
390.66085475905402
390.68466354212876
390.70890140981129
390.7276544671156
390.8309806634017
390.89498801691531
390.901940065649
390.95034602164833
391.05600520632709
391.17344869971578
391.21129455950552
391.21757999017211
391.2284657584193
391.23591283019863
391.29365034230216
391.36832224589409
391.42715722085063
391.45271527275679
391.54280793717578
391.55223139253326
391.70185039585994
391.73017100545343
391.80828003428479
391.81357224993388
391.90503120922472
392.02099277181117
392.02487139210905
392.07468253858758
392.28905587161086
392.2919634019043
392.38303699300326
392.3958710637819
392.49519076876658
392.67042623922163
392.70778729798826
392.79167846331745
392.79768832955727
392.82318421014571
392.86698596656055
392.90062163615579
392.95248395483918
393.16503871647967
393.21548692604216
393.27109228950025
393.38392182217518
393.40746428273417
393.51407983099324
393.63827530657278
393.71401474180135
393.81500264552534
393.85972591455891
393.86759846009863
393.92379628460031
394.0122329866889
394.09791218259642
394.15917999057916
394.20493517511284
394.34210353204207
394.39384617270474
394.48164119376605
394.73157680506375
394.85728983193263
394.99615890163358
395.21520209055888
395.90673124242295
396.05972440116363
396.24925866483886
396.53215049699952
396.70781498082152
396.79728878959355
396.91070772112164
396.95161357771224
396.95668895262713
397.05591830409878
397.1417733533288
397.15472621829576
397.33593559362708
397.42950351149835
397.50277956073865
397.51012564282308
397.65651430371668
397.73723003311119
397.74382632967223
397.78529518002227
397.89348018943656
397.97103960329162
398.02206091995583
398.07960621461149
398.17272767025884
398.21682924311534
398.22688034373664
398.24457622762912
398.25726419510227
398.39050140673857
398.42893605038421
398.46339573882574
398.53690662415977
398.56806953525955
398.69609323054277
398.69963624362299
398.79903712639958
398.8330239550607
398.87748735408991
398.92221650608167
398.94702681488309
399.02694982167401
399.08193826262465
399.09583974835817
399.10717405220032
399.15102019837298
399.19534407939983
399.2821698374928
399.31203073789476
399.33876696323637
399.48977259754588
399.52884369219697
399.58608395954707
399.73827977755951
399.81654967617692
399.8837551765277
400.05354892493256
400.05750282511769
400.0871160161285
400.30208918295216
400.30523594775366
400.33399490944635
400.41116694177009
400.44983745966965
400.53761896996252
400.56819533930951
400.60716396304537
400.67825920677217
400.72659243254708
400.81547258986529
400.86600293319179
400.96112857724677
401.11216622498472
401.18453586757892
401.28166053749413
401.29040124817914
401.3781810402632
401.4966038168659
401.5153675037883
401.54590616748544
401.61430510931683
401.70472588612444
401.77359434355327
401.80027428160162
401.90691184698687
401.909122461062
401.93226076634471
402.04518660901198
402.10562381382783
402.13767237176603
402.21807496165968
402.23081119229454
402.2730044341165
402.28529183473569
402.32038767395386
402.46158742732018
402.49425565567742
402.51721258839092
402.59765727581691
402.62965812253816
402.64961790770087
402.70928319651432
402.9995960216209
403.01655627138581
403.07389737324877
403.15478819819589
403.44583630921642
403.4556213030836
403.55016904133322
403.66692057351224
403.69689879705709
403.85881784968598
403.92701824988757
404.05087814000854
404.07679190932555
404.23618995512635
404.3045838783612
404.91959138173871
405.04352299388432
405.06121498318475
405.2523684702528
405.26041912874803
405.34122113010926
405.37659588427312
405.40298671493082
405.43550120127651
405.48710689292858
405.71208494537626
405.84018297496823
405.88646885400925
405.97374275316588
405.99682316236755
406.05950830708429
406.15398630070752
406.20909563063265
406.26004669674171
406.31664234375933
406.36947155802704
406.48465381123043
406.50185764049849
406.5178971581588
406.65435935562493
406.69613161795894
406.79816704654644
406.8614789948009
406.97820048070332
406.99979369460522
407.01908992095798
407.07426233664785
407.16778663506102
407.29518502561808
407.36103359690429
407.36316332687801
407.51705615692538
407.58789880583527
407.73556211925478
407.80326154986005
407.82328744361257
407.89924869865183
407.98654179239418
408.0421066373371
408.24067928374524
408.24727681326289
408.50901330775019
408.57214206429848
408.72318762847107
408.80164319558196
408.88051538553833
408.88735797521088
409.20410356935855
409.33238905563269
409.40770552424419
409.51922944631991
409.64158448467543
409.67853555793391
409.75550186002869
409.77820722556737
409.90526054072086
409.95298901397257
410.00967325700515
410.03915812421297
410.13458859603469
410.19473785378977
410.20961792573894
410.22809327487391
410.2925802586509
410.30845227483888
410.35394265320042
410.36941647784113
410.39291787006005
410.45601556388652
410.50814523618089
410.5441136673951
410.57450338180649
410.58473720270234
410.60855001403792
410.64490462883725
410.74923166220384
410.75201461787844
410.84934667305089
410.85317101681193
410.86388151438928
410.95210253137799
410.95963840777324
411.01373197850671
411.0566271223621
411.0808512988695
411.13068020096017
411.15400850238717
411.15883636143934
411.19441985957161
411.21197571195245
411.2545661487531
411.27381873488599
411.2950754557196
411.32411088892087
411.35683954532072
411.36410142688635
411.39362529519491
411.46073565996085
411.47704317348399
411.50116721884154
411.50759107295312
411.58838301479187
411.6078924875801
411.65070792153875
411.67602065949313
411.7507159854589
411.79961375449818
411.83703882444377
411.92911116134889
411.94841125643512
411.98703350938911
412.04427073030615
412.06774662854224
412.10157809056915
412.18807908900783
412.18914044975486
412.27344270425266
412.28564063788218
412.31811116952025
412.41027049392784
412.41569755513876
412.54522595215929
412.55087119870029
412.70431319082724
412.85702668386313
412.87186287248721
412.93828732198392
412.98643756977737
413.2504956383396
413.31538923529922
413.65243496890895
413.97209730762211
467.70211916248581
474.06618478360389
