82.811014678706186
92.216999579614708
93.841696232667587
94.321402974326077
94.482106329528023
94.59187836359817
94.985565158821274
95.124572024211034
95.218256471684469
95.2417736348375
95.263399607780144
95.307588473875583
95.312572726989615
95.393444848065513
95.457720949295265
95.476058090679857
95.509439676854143
95.588629248726733
95.61085489530241
95.624318795311339
95.659715712054592
95.675994229250989
95.734420758060637
95.7797155964344
95.84075688228836
95.88921343166605
95.973161764566584
96.028973202853038
96.060138838351094
96.148820635527514
96.207933976403993
96.215562868045467
96.257146781884927
96.325176595458998
96.356219050185402
96.41590454373123
96.593486156084126
96.615476697798485
96.641958270889745
96.878170399095794
96.978391146001314
97.033042899784789
97.086467357788678
97.102127659549424
97.526396531412487
98.443198015713705
98.624730776797676
98.76892316640054
99.048417967433835
99.24648276050975
99.293385736682112
99.730003132445887
100.60107810579352
100.86463575595252
102.47446595097495
102.60235869929687
102.83384445102585
102.94547263627354
103.16579937423832
103.23503402453672
103.28000282505624
103.44618102182478
103.53523785520453
103.5798819108326
103.62556609214032
103.75794277065155
103.81668204165702
103.84709766690909
103.84859195500921
104.02211744748485
104.14973621409442
104.15380286670231
104.23327790603277
104.3556030352938
104.37151390540507
104.41210095807676
104.4272905422341
104.45800693803275
104.50249490155606
104.53839261271617
104.58459975226903
104.63375945928628
104.64952149766761
104.68488422024031
104.69885315250379
104.70531296777858
104.73403890963371
104.76122986818518
104.8463940514346
104.85421263228896
105.00613518220143
105.01687912639358
105.21227002350422
105.28300090464366
105.41160987517249
105.83781010659072
106.121883142515
106.39064873476499
121.36106052580634
122.50097970551565
