95.002632344798258
191.1513762319525
191.6315068234004
191.81879971494911
192.10102051750292
192.45433245395463
192.60771070948442
192.72937952423831
192.86338813416739
192.87401586501181
192.89665173124422
192.9090034490149
192.97503764058939
192.99784636468161
193.03515005170536
193.0531420878697
193.15446558178115
193.20805267931073
193.23739628238641
193.26646706057218
193.2911998572477
193.33965808182782
193.34027845013119
193.41683117274098
193.4964045019519
193.49951330592663
193.5978386218826
193.60543991092851
193.60985205735179
193.67870847957724
193.76749523889234
193.771756918812
193.77554846267745
193.7960099592261
193.88682945107914
193.90121047728434
193.93525740623042
193.98342136138163
193.98805273581172
194.09396452691959
194.11022145042986
194.12867127616661
194.24935571556159
194.31762542964162
194.34037120275198
194.4270871758319
194.45279238038322
194.52549779359242
194.62231746863617
194.62720168125119
194.65034431926216
194.72698801926941
194.79650645133509
194.79996453976969
194.98221393584703
194.99441419106304
195.06319100338109
195.06807615486119
195.1494758017825
195.22388401216023
195.22811199768253
195.34809411426187
195.38474485232294
195.48541811874912
195.53320866782678
195.62686521150425
195.76410303536474
195.77892478745403
195.88341693180607
195.89141181918291
195.98433150121892
196.09371604441432
196.12445922812185
196.28582846265243
196.31410451699006
196.44769622047431
196.57426326129649
196.73787630859758
196.75649170562511
196.87286193455427
196.96611797238725
197.02950138919408
197.19947970481178
197.3966019189059
197.42978863706702
197.65713097173278
197.99889395371852
198.17712446836816
198.27459977526561
198.37199568765675
198.45289347519471
198.56880537734065
198.70045469445827
198.81130557186529
198.8165807510417
198.92112336998039
198.95480948529863
199.16932501454855
199.21376505546445
199.23762070233835
199.26212983431802
199.29335691298434
199.40755031592153
199.49187473822636
199.54051779019824
199.74533055546252
199.85932460530063
200.17970752007309
200.57637221169762
201.49230304264779
201.53896210619504
201.76808976886073
201.96763184259652
202.00923893920978
202.41345157262941
202.51690338156311
202.64993223779612
202.84541012648899
203.0731647650349
203.19451107152423
203.20005787857249
203.24673025465779
203.30930666097882
203.33598369694855
203.392519078867
203.67876892099414
203.72239561212959
203.81017077529515
203.81915695347968
203.94378146657229
204.1153431707672
204.13721208882984
204.15774758843094
204.4480401534349
204.51746205823406
204.58720214677942
204.64630949634201
204.73020704800456
204.78056365211563
204.78823963118126
204.88223258515256
204.92713320901279
205.06753370288001
205.08341866587932
205.09742026487302
205.17244795819411
205.19614941418698
205.2423364203687
205.26607370922233
205.34859596385326
205.44874507196215
205.46142879515216
205.48484492241857
205.52343370801495
205.5574000271246
205.57463225773085
205.70247411575497
205.86915742826818
205.91083010224597
205.92076476854814
205.95300521969659
205.97549579506131
205.98185932015679
206.06730968884926
206.07304777672212
206.10677642188585
206.1721264941373
206.34658910510919
206.35297365702172
206.37791407623814
206.42376780802334
206.4631446401026
206.52358332534254
206.54933227750837
206.57488419375304
206.65929252018958
206.67859924234611
206.74228497257241
206.79727678207141
206.85305414746523
206.85936205653098
206.96093313263344
206.99036651384108
207.00837871474144
207.02971379706906
207.04023300009268
207.15941326633961
207.269088784953
207.30389317627376
207.5034480117009
207.61227813574408
207.75823636305714
207.82574497660573
207.8270682964158
208.06660607518347
208.40940816549278
208.80965014327751
208.85864661062507
236.06165310560007
237.71952935517149
