285.60623154359115
485.00182948663041
485.11619779324025
485.49666438768202
485.81982217032737
486.073395263284
486.27420600784723
486.60007842176117
486.66909123855174
486.7149636917722
486.77142378899293
486.84167402980415
486.90160563885456
486.92302213040733
486.92896305053949
486.95707751645921
487.03192722734752
487.05405543729717
487.05858262873585
487.06061645311161
487.13788935494426
487.16630519854141
487.28253691759278
487.31296583940082
487.35315928902003
487.36023157210479
487.41036614486666
487.42290445665196
487.45422592981799
487.45976128849497
487.47398774492444
487.61031567626657
487.62140466545225
487.66893611018281
487.69108258893345
487.70878677265347
487.72059713811268
487.74361224467185
487.76796902986433
487.79911765176126
487.82819720706573
487.89831880806958
487.92573762725164
488.00179698788207
488.0605737932745
488.06158013471821
488.08498574250262
488.11434655469736
488.18078949955134
488.20479177204692
488.26156789085252
488.26525216209671
488.28722846214151
488.2987432212484
488.37093696518758
488.44038986169215
488.51894806175397
488.54492236210297
488.5745922085776
488.59601038536567
488.65815945180577
488.71257223284198
488.74691251329972
488.74716152131663
488.77970499230889
488.80802120348704
488.82861762696609
488.91484406396432
488.96402925935922
489.03556465128048
489.15488781894015
489.19327878766296
489.20996002866951
489.24645187057661
489.24884350359372
489.32490897357576
489.36783925415335
489.37010070380052
489.39273773899367
489.42729256051763
489.5081366920395
489.55518467439759
489.66032407394636
489.70247393605501
489.73732879467462
489.75047106705614
489.81370467735849
489.86788644378879
489.88986267454402
489.89168355675037
489.90311352040573
489.96112316358585
490.02903181083457
490.03197295749675
490.10329165015202
490.16494917750578
490.18439425001105
490.18450681333758
490.2583389216926
490.34379747737108
490.34512310486912
490.37198572305539
490.41933628835534
490.45200868801413
490.46908818961009
490.49311896403225
490.5146886444204
490.62247070392465
490.63265782805831
490.66543750801827
490.67135062508146
490.73263310373284
490.75109319591644
490.81330578799174
490.81907892317446
490.86607942248526
490.92254253348216
490.94599429457503
490.98917554852403
491.02680885569674
491.02704158032782
491.16781110935494
491.19936001950526
491.22821120129578
491.29695616632574
491.32109941780624
491.37139025596844
491.37500769668384
491.38961372265504
491.42903917090894
491.47642572923024
491.51336218706854
491.5754230291073
491.59109531767837
491.61688626032816
491.62558220813827
491.71964230122626
491.78203695209436
491.78796324514173
491.82386468725122
491.82911361701298
491.90517174125461
491.93682457938525
491.95063436885647
491.99159806057276
492.07343848323325
492.07580092991577
492.11944839374257
492.18731464274902
492.19545000980446
492.29992945364836
492.32384219853782
492.35144727213469
492.35438559970072
492.41345867901742
492.47232887933001
492.51691233299238
492.52586924042322
492.59660475169164
492.69565985054328
492.77948919355737
492.78627499597064
492.86263075903349
492.90727971022244
492.92313925685175
492.94922300565224
492.9938548977201
493.08770787999208
493.15663222906903
493.2005951873935
493.22540580493848
493.24713499967709
493.25843893012802
493.26585172352299
493.29686008836779
493.30394567110505
493.47054182370778
493.48128941698138
493.49003610132536
493.55113798085847
493.55703299779947
493.7202297325984
493.78185266806503
493.80402448334723
493.83428228709948
493.92156954352146
494.00484785307276
494.08252841099977
494.13517116489589
494.1565258978643
494.23900141927595
494.26046321689256
494.33290973268993
494.38493385101958
494.47794709173616
494.48776914428112
494.54089419966022
494.60517134102662
494.7608532254792
494.89252363698859
495.05603950372256
495.10066311198295
495.12337968010854
495.27240399575578
495.38641235531111
495.44250526757224
495.46137731886347
495.51039390677397
495.66796595498141
495.8702449416038
495.97808863860195
496.05250627370435
496.09892960160585
496.35436056504579
496.47194680028298
496.70615766094426
496.72302698020405
496.99593882539017
497.10624221343983
497.1471699039945
497.20153572740804
497.28275670818243
497.34958879899295
497.47792254650284
497.59501942922378
497.60229628128309
497.74312891448733
497.85870425833559
497.93187437418521
497.970558655459
498.16570769280145
498.41460367971229
498.43695973039843
498.4377621346797
498.57312402615906
499.01752464365802
499.02345041508948
499.19579005769293
499.37485944177757
499.48732162035526
499.68017292794087
499.76726394743957
499.98243070601922
500.02478058079691
500.28266921589085
500.3376835799412
500.37611584920575
500.40571760452201
500.79646317009127
500.82099118943302
500.83511784274327
500.94137603222356
501.15250188369492
501.30244473299763
501.33078083065095
501.45723262184151
501.50074595028144
501.61557658436709
501.69375484348359
501.7799202588497
501.78609825490645
502.02352544723402
502.04676693575141
502.18320440526418
502.35439949958385
502.36372110414919
502.45121946942135
502.60654246306308
502.70719765700682
502.7912488099347
502.88705413053009
502.95104980950038
503.04685515481566
503.09814974517053
503.14833942208043
503.19558360785231
503.3674999885024
503.41212169103147
503.42551396031973
503.56483559336914
503.57805585146576
503.64566213242642
503.73534336637215
503.79052534752327
503.82197244284464
503.88838472605181
503.95258255878281
503.98425591108406
504.07268523146422
504.15962631826233
504.19806777254558
504.28400077039237
504.29395805615025
504.32727732225925
504.42374151616383
504.54356898401801
504.576531023136
504.62623522885366
504.65018537117277
504.69499045692504
504.69690279186892
504.77447221796717
504.82611928255881
504.93627789701992
504.97300475654089
505.0417981573932
505.07790008392345
505.10949158499852
505.14788501630261
505.17068030878045
505.21862138680666
505.24856528751502
505.46955264196913
505.49889749571292
505.61589732984129
505.62557887809936
505.68947796556785
505.69250110159453
505.76127495082466
505.81574408023022
505.8174652953706
505.83569853077631
505.8774693545426
505.99174282371939
505.99853220269449
506.03514027078
506.04843585950448
506.13812900287343
506.20251077407124
506.2713753650354
506.29226161837073
506.32223514588082
506.42353129129765
506.42555621350186
506.49879153902896
506.54017768035862
506.57107852433575
506.67408248992677
506.71489336661818
506.73845890675767
506.74726397344358
506.84947633919808
506.93459083893271
506.94273108459959
506.97974601314218
507.02050296983583
507.06821767441636
507.07166274631601
507.14172065497587
507.19447461751236
507.22501923610713
507.33988877140644
507.37754310859333
507.3937461899539
507.40679766054774
507.42158675393608
507.47098572666874
507.49869466375065
507.50258650609987
507.59406447879525
507.65602308373792
507.67435509130081
507.73844184275782
507.78667186117184
507.8257410648045
507.85230194123955
507.91588642635105
507.95439934867602
507.97077676547798
507.99797175844708
508.03183439992904
508.09115158015283
508.10913726614712
508.14944423085376
508.14994533943053
508.25153721425698
508.31799261694033
508.37780770472017
508.45976849072696
508.46935358000809
508.51651119484927
508.5775872257247
508.62761305846271
508.63417169572136
508.68439447667311
508.69919393480461
508.73564670453555
508.79484365151109
508.82837102777546
508.84966357376481
508.86055206103686
508.95909733575314
509.03333108624656
509.07092074004066
509.10881172665563
509.14829842522767
509.18483570528082
509.2109797958588
509.22600893760296
509.24876236440588
509.28624141129262
509.29135122439806
509.35894789327034
509.44522515577398
509.44602194050964
509.45489247806523
509.51414863728854
509.53844425165607
509.63433551946986
509.6424450982658
509.70906862816975
509.7093337068942
509.76715229768638
509.89417823561558
509.93042854915723
509.93066884472989
509.94546612707194
509.95400608568161
510.10052596481722
510.16229100216611
510.21534484724566
510.27644860418354
510.28606673542009
510.4124118927474
510.41342553857061
510.51183201116987
510.57500960269255
510.58973507356615
510.62862707267556
510.74623704188667
510.84623554598573
510.98403810549439
510.98609917071872
511.05632100637081
511.14864657190918
511.23663637595001
511.30342460833299
511.33170123206446
511.34808557929097
511.36821627092297
511.37277000120002
511.61031250615201
511.67430989829001
511.68663591178955
511.76799151065495
511.78079151781952
511.79936384218121
512.00484157510039
512.01061131606104
512.04534039307316
512.09882344425648
512.14220188638899
512.14995317904891
512.15741596868224
512.22352327823637
512.26158844514816
512.29345406191408
512.30420183302351
512.357786718174
512.43368769962967
512.45674678850548
512.47947239129712
512.53558002119598
512.59663340957547
512.67856104012094
512.74262601705129
512.75664995952332
512.76650621179783
512.76792260254308
512.77264617309265
512.78410819932947
512.87408900301693
512.89931325637008
512.98958195451132
513.00494387413551
513.01402758086829
513.0743561991244
513.09979044193562
513.13461779464137
513.16147770710029
513.16814159462274
513.24442774996282
513.25917086133791
513.27199242492941
513.29260961362854
513.34951224055965
513.38187275773191
513.45166887773439
513.50725082151109
513.56898816869477
513.59560695304833
513.67042096616558
513.73906683124994
513.78572936628007
514.17999309755191
514.39747439176153
514.85794079750292
515.1774255166107
620.03192517135301
621.25840826050251
