204.45147253195202
288.69727274208572
288.78940742408264
289.30954471607026
289.37975846534022
289.8513807077299
289.86688735704956
289.94358606621546
289.98572652207781
290.06604971725204
290.08079680381553
290.13793393902944
290.19128126064345
290.19850350767058
290.25675498362119
290.27818552678968
290.32981201438207
290.37986938887349
290.40265864813415
290.41633522142018
290.46360028764423
290.48670463062609
290.54968317283698
290.5671896752475
290.63653316329095
290.6455181638446
290.6861218448887
290.70552145545008
290.70880158538233
290.71929903630524
290.80430444542623
290.83781533191637
290.87211304063447
290.94348225761286
290.95728197568098
290.99422121920816
291.06018001499581
291.13291710899563
291.19360292905759
291.23857990339178
291.24086664977824
291.26365549680696
291.2752221474438
291.32282471287738
291.38102436559865
291.40754445808045
291.41823271723194
291.51156370230649
291.55933664331997
291.65543124844635
291.67454292412748
291.68751156546455
291.77347244489334
291.82815064889365
291.85527568753201
291.90695052703194
291.96482754395504
292.02827640577044
292.09034046582121
292.11715697541808
292.22541000131611
292.22732600138301
292.28845555722796
292.30133745740358
292.33187535449713
292.39860530681989
292.47603679674302
292.53012960948439
292.55931010656474
292.60966369868049
292.66244436447653
292.72526178284858
292.81087369337712
292.81973051308546
292.87446504035591
293.08519534025146
293.21307110194533
293.2297016025019
293.30237444232375
293.44685319460802
293.45686153518329
293.68333453722551
293.71517023680161
293.78940209976639
293.87137796112745
294.08029574557168
294.09900157620939
294.173762673787
294.18065469860528
294.21133330704248
294.2796529050741
294.32587254787842
294.38996646642767
294.53824285673636
294.56447479312561
294.64663142465065
294.82557157052247
294.84168494447476
294.97082501014654
294.98174706503431
295.32661325061298
295.48945364488293
295.54456259720706
295.66957839833202
295.74808373938743
295.92445553919157
295.94383637922925
296.03727110631041
296.0424724635015
296.19547716397591
296.26716286791753
296.48464664846568
296.62089531523384
296.93271234573359
296.96409114100163
297.07666553481153
297.13473042990108
297.23951587875257
297.48371655758137
297.50511934576531
297.72407226207082
297.73502702087876
297.79039281384763
297.87749235615837
297.96645231992721
298.06306451410597
298.19167808658466
298.26542937097349
298.27417081584673
298.45372181577039
298.50348082031559
298.53027577194291
298.57992427453416
298.62514367485107
298.78887899553894
298.81150258569528
298.90684014063879
299.04453786993719
299.16991798791679
299.20004068034228
299.36878035744672
299.40768888459166
299.43549261945765
299.58661696491293
299.66001367894546
299.75218117295566
299.77976740804866
299.80399400934363
299.97466285770082
299.98612357252551
300.06543387528779
300.09545669412125
300.18053057550384
300.22742945583474
300.35570288910679
300.52861279277391
300.69393576112878
300.82115936854774
301.11455970826609
301.19204054083616
301.21938415799701
301.29874249484988
301.33012139026732
301.45339620445378
301.50602213292069
301.53120905630885
301.6783879099757
301.69837671549931
301.85326367863024
301.90220150303679
301.93048035325143
302.03479250936118
302.12742661834977
302.18360456890088
302.20582658648391
302.39729612505812
302.43055425770058
302.53069795899756
302.78994025054902
302.94748125368517
303.06782379059183
303.28961432959943
303.43043322898347
303.56752399334545
303.60341620059751
303.69579994250535
303.8392899594345
303.93129377017857
304.08047201845648
304.09419703683818
304.15259948173974
304.16384668920006
304.33269902748225
304.36545295102104
304.39463014229534
304.4225002813925
304.57537227004207
304.6233998250097
304.69299589994068
304.71024787909442
304.86765082329714
304.89329854859881
304.90686357288189
305.00938652465925
305.13706269740379
305.18948129735662
305.34332708115915
305.37388867863228
305.45299445113812
305.5566388498562
305.55966649395384
305.62631684057271
305.7045642573741
305.70943549287364
305.98861306215241
305.99107996261063
306.09185497367162
306.19134625174462
306.21317014940837
306.21767870241234
306.24814401812199
306.29485423983738
306.37729771929509
306.50733509490152
306.51904141194206
306.53738059590603
306.5547072300717
306.57103090900131
306.65562915647115
306.71145242141858
306.74961110895094
306.81154157492864
306.88207412195663
306.90003927717277
306.91453341037811
307.00469403293926
307.00721324289816
307.04154128301383
307.08082974519425
307.20744742325388
307.24067173586309
307.38978687073933
307.40085711081031
307.43496264908515
307.51861525797835
307.59986160026125
307.66629527983372
307.70072545548396
307.71532761078612
307.76478558667208
307.8872432426104
307.96839559095224
308.02223877502081
308.07133094773678
308.25247332916683
308.40736096215301
308.4227406921903
308.45214836144959
308.48688060598653
308.54402295074357
308.68222150216735
308.79989394229659
308.81022883581522
308.94795898730354
308.95992357586886
309.15333839278969
309.16312081620595
309.21941380467274
309.22755054133972
309.30443679096771
309.40027649171611
309.49588277590578
309.55748333205196
309.58012679866465
309.58990187360945
309.73201785710449
309.73647322161577
309.76174132293909
309.77272345639255
309.79329721047117
309.84566032475345
309.87780443415397
309.97013290395739
310.02023165991397
310.09163301160504
310.13460505916441
310.2205070856503
310.28328163319077
310.34724230365123
310.39543179318713
310.40812153045255
310.4231304538115
310.52574763687056
310.56266531357613
310.67584180334569
310.67862282252599
310.70016920371432
310.91242675468237
364.62583758424097
367.97726921119386
